35
35
35
35
35
35
35
35
35
35
35
35
35
34.5
33.88
33.0
32.38
31.87
31.37
31.0
30.62
30.25
30.0
29.75
29.5
29.25
29.12
28.87
28.75
28.62
28.5
28.37
28.25
28.12
28.0
28.0
27.87
27.75
27.75
27.75
27.62
27.62
27.5
27.5
27.5
27.37
27.37
27.37
27.37
27.25
27.25
27.25
27.25
27.25
27.12
27.12
27.12
27.12
27.12
27.12
27.12
27.12
27.12
27.0
27.0
27.0
27.0
27.0
27.0
27.0
27.0
27.0
27.0
27.0
27.0
27.0
27.0
26.87
27.0
26.87
26.87
27.0
26.87
26.87
26.87
26.87
26.87
26.87
26.87
26.87
26.87
26.87
26.87
26.87
26.87
26.87
26.87
26.87
26.87
26.87
26.87
26.87
26.87
26.87
26.87
26.87
26.87
26.87
26.87
26.87
26.87
26.87
26.87
26.87
26.87
26.87
26.87
26.87
26.87
26.87
26.87
26.87
26.87
26.87
26.87
26.87
26.87
26.87
26.87
26.87
26.87
26.75
26.75
26.75
26.87
26.87
26.75
26.87
26.75
26.87
26.75
26.75
26.87
26.75
26.75
26.75
26.75
26.75
26.75
26.75
26.75
26.75
26.75
26.75
26.75
26.75
26.75
26.75
26.75
26.75
26.75
26.75
26.75
26.75
26.75
26.75
26.75
26.75
26.75
26.75
26.75
26.75
26.75
26.75
26.75
26.75
26.75
26.75
26.75
26.75
26.75
26.75
26.75
26.75
26.75
26.75
26.75
26.75
26.75
26.75
26.75
26.75
26.75
26.75
26.75
26.75
26.75
26.75
26.75
26.75
26.75
26.75
26.75
26.75
26.75
26.75
26.75
26.75
26.75
26.75
26.75
26.75
26.75
26.75
26.75
26.5
26.75
26.75
26.75
26.87
26.75
27.0
27.37
27.75
28.12
28.5
28.87
29.25
29.75
30.12
30.62
31.0
31.37
31.75
32.13
32.38
32.75
33.13
33.38
33.63
33.88
34.25
34.5
34.75
35.0
35
35
35
35
35
35
